163
0 6
0 1 2 3 4 5
1 8
6 7 8 9 10 11 12 13
2 7
14 15 16 17 18 19 20
3 7
21 22 23 24 25 26 27
4 9
28 29 30 31 32 33 34 35 36
5 5
37 38 39 40 41
6 11
42 43 44 45 46 47 48 49 50 51 52
7 3
53 54 55
8 6
56 57 58 59 60 61
9 8
62 63 64 65 66 67 68 69
10 8
70 71 72 73 74 75 76 77
11 6
78 79 80 81 82 83
12 7
84 85 86 87 88 89 90
13 7
91 92 93 94 95 96 97
14 6
98 99 100 101 102 103
15 7
104 105 106 107 108 109 110
16 7
111 112 113 114 115 116 117
17 6
118 119 120 121 122 123
18 6
124 125 126 127 128 129
19 8
130 131 132 133 134 135 136 137
20 6
138 139 140 141 142 143
21 8
144 145 146 147 148 149 150 151
22 10
152 153 154 155 156 157 158 159 160 161
23 4
162 163 164 165
24 7
166 167 168 169 170 171 172
25 7
173 174 175 176 177 178 179
26 8
180 181 182 183 184 185 186 187
27 6
188 189 190 191 192 193
28 8
194 195 196 197 198 199 200 201
29 6
202 203 204 205 206 207
30 10
208 209 210 211 212 213 214 215 216 217
31 4
218 219 220 221
32 7
222 223 224 225 226 227 228
33 7
229 230 231 232 233 234 235
34 9
236 237 238 239 240 241 242 243 244
35 5
245 246 247 248 249
36 8
250 251 252 253 254 255 256 257
37 6
258 259 260 261 262 263
38 8
264 265 266 267 268 269 270 271
39 6
272 273 274 275 276 277
40 7
278 279 280 281 282 283 284
41 7
285 286 287 288 289 290 291
42 9
292 293 294 295 296 297 298 299 300
43 5
301 302 303 304 305
44 6
306 307 308 309 310 311
45 7
312 313 314 315 316 317 318
46 8
319 320 321 322 323 324 325 326
47 6
327 328 329 330 331 332
48 10
333 334 335 336 337 338 339 340 341 342
49 3
343 344 345
50 7
346 347 348 349 350 351 352
51 7
353 354 355 356 357 358 359
52 6
360 361 362 363 364 365
53 8
366 367 368 369 370 371 372 373
54 9
374 375 376 377 378 379 380 381 382
55 5
383 384 385 386 387
56 10
388 389 390 391 392 393 394 395 396 397
57 4
398 399 400 401
58 7
402 403 404 405 406 407 408
59 7
409 410 411 412 413 414 415
60 6
416 417 418 419 420 421
61 7
422 423 424 425 426 427 428
62 10
429 430 431 432 433 434 435 436 437 438
63 3
439 440 441
64 6
442 443 444 445 446 447
65 8
448 449 450 451 452 453 454 455
66 9
456 457 458 459 460 461 462 463 464
67 4
465 466 467 468
68 4
469 470 471 472
69 9
473 474 475 476 477 478 479 480 481
70 7
482 483 484 485 486 487 488
71 7
489 490 491 492 493 494 495
72 8
496 497 498 499 500 501 502 503
73 5
504 505 506 507 508
74 6
509 510 511 512 513 514
75 8
515 516 517 518 519 520 521 522
76 5
523 524 525 526 527
77 8
528 529 530 531 532 533 534 535
78 5
536 537 538 539 540
79 9
541 542 543 544 545 546 547 548 549
80 8
550 551 552 553 554 555 556 557
81 5
558 559 560 561 562
82 7
563 564 565 566 567 568 569
83 7
570 571 572 573 574 575 576
84 5
577 578 579 580 581
85 8
582 583 584 585 586 587 588 589
86 7
590 591 592 593 594 595 596
87 7
597 598 599 600 601 602 603
88 5
604 605 606 607 608
89 7
609 610 611 612 613 614 615
90 8
616 617 618 619 620 621 622 623
91 6
624 625 626 627 628 629
92 9
630 631 632 633 634 635 636 637 638
93 5
639 640 641 642 643
94 7
644 645 646 647 648 649 650
95 6
651 652 653 654 655 656
96 8
657 658 659 660 661 662 663 664
97 5
665 666 667 668 669
98 8
670 671 672 673 674 675 676 677
99 6
678 679 680 681 682 683
100 7
684 685 686 687 688 689 690
101 6
691 692 693 694 695 696
102 7
697 698 699 700 701 702 703
103 7
704 705 706 707 708 709 710
104 7
711 712 713 714 715 716 717
105 7
718 719 720 721 722 723 724
106 10
725 726 727 728 729 730 731 732 733 734
107 3
735 736 737
108 9
738 739 740 741 742 743 744 745 746
109 5
747 748 749 750 751
110 5
752 753 754 755 756
111 9
757 758 759 760 761 762 763 764 765
112 8
766 767 768 769 770 771 772 773
113 6
774 775 776 777 778 779
114 10
780 781 782 783 784 785 786 787 788 789
115 3
790 791 792
116 4
793 794 795 796
117 9
797 798 799 800 801 802 803 804 805
118 9
806 807 808 809 810 811 812 813 814
119 5
815 816 817 818 819
120 7
820 821 822 823 824 825 826
121 7
827 828 829 830 831 832 833
122 6
834 835 836 837 838 839
123 8
840 841 842 843 844 845 846 847
124 10
848 849 850 851 852 853 854 855 856 857
125 4
858 859 860 861
126 9
862 863 864 865 866 867 868 869 870
127 4
871 872 873 874
128 9
875 876 877 878 879 880 881 882 883
129 4
884 885 886 887
130 7
888 889 890 891 892 893 894
131 7
895 896 897 898 899 900 901
132 9
902 903 904 905 906 907 908 909 910
133 5
911 912 913 914 915
134 4
916 917 918 919
135 10
920 921 922 923 924 925 926 927 928 929
136 6
930 931 932 933 934 935
137 8
936 937 938 939 940 941 942 943
138 7
944 945 946 947 948 949 950
139 7
951 952 953 954 955 956 957
140 9
958 959 960 961 962 963 964 965 966
141 5
967 968 969 970 971
142 7
972 973 974 975 976 977 978
143 7
979 980 981 982 983 984 985
144 9
986 987 988 989 990 991 992 993 994
145 4
995 996 997 998
146 8
999 1000 1001 1002 1003 1004 1005 1006
147 5
1007 1008 1009 1010 1011
148 7
1012 1013 1014 1015 1016 1017 1018
149 7
1019 1020 1021 1022 1023 1024 1025
150 6
1026 1027 1028 1029 1030 1031
151 8
1032 1033 1034 1035 1036 1037 1038 1039
152 8
1040 1041 1042 1043 1044 1045 1046 1047
153 5
1048 1049 1050 1051 1052
154 5
1053 1054 1055 1056 1057
155 8
1058 1059 1060 1061 1062 1063 1064 1065
156 6
1066 1067 1068 1069 1070 1071
157 8
1072 1073 1074 1075 1076 1077 1078 1079
158 8
1080 1081 1082 1083 1084 1085 1086 1087
159 5
1088 1089 1090 1091 1092
160 6
1093 1094 1095 1096 1097 1098
161 8
1099 1100 1101 1102 1103 1104 1105 1106
162 14
1107 1108 1109 1110 1111 1112 1113 1114 1115 1116 1117 1118 1119 1120
